0
9
5
1
44
7
24
18
1
44
7
24
18
2
31
18
3
28
35
18
5
1
44
7
24
18
6
0
9
5
1
44
7
24
18
7
24
18]
8
48
10
13
14
2
31
18
9
5
1
44
7
24
18
10
13
14
2
31
18
11
42
7
24
18
12
9
5
1
44
7
24
18
13
14
2
31
18
14
2
31
18
16
22
24
18
18
20
30
1
44
7
24
18
21
46
25
16
22
24
18
22
24
18
24
18
25
16
22
24
18
26
8
48
10
13
14
2
31
18
27
39
24
18
28
35
18
29
43
3
28
35
18
30
1
44
7
24
18
31
18
32
33
27
39
24
18
33
27
39
24
18
34
37
40
2
31
18
35
18
36
41
34
37
40
2
31
18
37
40
2
31
18
39
24
18
40
2
31
18
41
34
37
40
2
31
18
42
7
24
18
43
3
28
35
18
44
7
24
18
45
5
1
44
7
24
18
46
25
16
22
24
18
48
10
13
14
2
31
18

